0.015065997
0.039331958
0.04510989
0.05335147
0.053790161
0.05862249
0.062487547
0.070208546
0.074511359
0.091880504
0.092460818
0.127882301
0.190467652
0.204277014
0.241464533
0.246333605
0.257495356
0.263634582
0.269752062
0.287720659
0.307227768
0.380324752
0.429814046
0.482332383
0.522264132
0.534367291
0.557284132
0.560917403
0.599732038
0.619073286
0.665017368
0.740490768
0.761358609
0.789044519
0.797641533
0.797905919
0.802921616
0.890294717
0.96894998
0.984024935
0.985853186